0.621212676218
0.622958200282
0.624157700368
0.62562537973
0.626338423012
0.626487227394
0.629734259105
0.631293607227
0.633399126378
0.634696044453
0.63608048956
0.637197719989
0.641165171103
0.643654068326
0.646091018953
0.647152808762
0.648671002196
0.650261716736
0.653225373765
0.655353917009
0.656314065349
0.65844222582
0.660587875483
0.662866067157
0.665792052399
0.671377485127
0.673071770995
0.675041736727
0.676599551689
0.678203843534
0.679592532785
0.681586694878
0.684805952049
0.685958936153
0.68755750589
0.688625356157
0.6908764784
0.69298036583
0.694451084212
0.697654946089
0.699572064928
0.70778546177
0.71176258089
0.713615249995
0.714904278109
0.716387930852
0.718157062377
0.719706655438
0.721634528214
0.724586803869
0.72887431597
0.731136068379
0.732861216849
0.734630954932
0.736908770905
0.738756331973
0.74054450479
0.744948710144
0.747093302915
0.749767311071
0.751511576945
0.753322302828
0.755745492615
0.757271175588
0.762737047543
0.764416329031
0.773948818017
0.777705514172
0.77914601704
0.781193723569
0.782715579223
0.797072622424
0.799032687253
0.800958332552
0.803084968529
0.805059536989
0.806603562707
0.81093568457
0.812649746122
0.814117104489
0.816809268194
0.818254730105
0.820185491312
0.822749544616
0.827411485087
0.830348630849
0.832736773434
0.834412784051
0.836055670952
0.83877951095
0.840455166074
0.844868133453
0.846521064828
0.848797535243
0.850120434642
0.852070848606
0.854766242939
0.856854426699
0.860880284324
0.863154306364
0.884163867381
0.886103710277
0.888107280337
0.890468954887
0.903765775478
0.905672480443
0.907495213305
0.911083767148
0.913212989881
0.915332841031
0.918176589842
0.920677564906
0.92360253197
0.925813658163
0.93064247605
0.93248689895
0.937480610329
0.93932299101
0.941454130656
0.944475327092
0.949078924086
0.951993513454
0.954043785519
0.957184693353
0.959354532681
0.961716051155
0.964466087581
0.966716760132
0.971444536836
0.974209024268
0.976333610618
0.9789151805
0.981539917158
0.995199211919
0.997540970385
0.999736583393
1.00281455555
1.00677647322
1.00958292023
1.01180382929
1.01467870258
1.01683720599
1.01977617305
1.02220293558
1.02427408211
1.02927945939
1.03202513294
1.03510994865
1.03765936371
1.03977500856
1.04245097824
1.04550151547
1.0494867301
1.0523340404
1.06123456317
1.06421727133
1.06886142967
1.07096040107
1.07313655482
1.08457000199
1.0888251243
1.0911710362
1.09330647498
1.09598662105
1.09815171079
1.10093280572
1.10269449749
1.10788648918
1.11007404519
1.1129385874
1.11498463319
1.11696190152
1.12000688024
1.12204489756
1.12678230143
1.12957546104
1.13223298836
1.13416484454
1.13683739006
1.13931753466
1.14188321653
1.14599123914
1.14865209439
1.15072664557
1.15377031112
1.15590536181
1.15886623365
1.16108494667
1.16550280235
1.16831545411
1.17023340033
1.17235419208
1.17519737281
1.17722600296
1.17962544393
1.18448514015
1.18721139033
1.18937186603
1.19152687737
1.19448863751
1.19669055915
1.22175524404
1.22467766338
1.22681023902
1.22873572108
1.23137352507
1.23331867243
1.23824693512
1.24122630197
1.2431425689
1.24523116872
1.24797812626
1.25036707891
1.25313784984
1.25832524495
1.26146714204
1.26378260023
1.26684982173
1.26913393076
1.27144271596
1.27358890309
1.27871104933
